{
  "fields": [
    "Energy",
    "Danceability",
    "Positiveness",
    "Speechiness",
    "Liveness",
    "Acousticness",
    "Instrumentalness"
  ],
  "matrix": [
    [
      1.0,
      -0.071,
      0.268,
      0.088,
      0.193,
      -0.647,
      -0.022
    ],
    [
      -0.071,
      1.0,
      0.39,
      0.232,
      -0.11,
      -0.077,
      -0.178
    ],
    [
      0.268,
      0.39,
      1.0,
      0.133,
      0.04,
      -0.117,
      -0.123
    ],
    [
      0.088,
      0.232,
      0.133,
      1.0,
      0.112,
      -0.053,
      -0.152
    ],
    [
      0.193,
      -0.11,
      0.04,
      0.112,
      1.0,
      -0.09,
      -0.013
    ],
    [
      -0.647,
      -0.077,
      -0.117,
      -0.053,
      -0.09,
      1.0,
      0.037
    ],
    [
      -0.022,
      -0.178,
      -0.123,
      -0.152,
      -0.013,
      0.037,
      1.0
    ]
  ]
}